0,552
37,98
37,97
37,96
37,95
37,94
37,93
37,92
37,91
37,90
37,89
37,88
37,87
37,86
37,85
37,84
37,83
37,82
37,81
37,80
37,79
37,78
0,551
0,550
0,549
0,548
0,547
0,546
23,36
0,545
0,544
0,543
0,542
37,77
37,76
37,75
37,74
0,541
56,5
56,4
56,3
56,2
56,1
56,0
14,7
55,5
55,4
55,3
55,2
55,1
55,0
54,4
54,3
54,2
54,1
54,0
53,6
53,5
53,4
53,3
53,2
53,1
53,0
14,6
52,9
52,8
52,7
52,6
52,5
52,4
52,3
52,2
52,1
52,0
51,7
51,6
51,5
51,4
51,3
51,2
51,1
51,0
50,31
50,30
50,29
50,28
50,16
50,27
50,26
50,25
50,10
50,24
50,23
50,22
50,21
50,20
50,19
50,18
50,17
50,11
50,15
50,14
50,13
50,12
50,4
50,9
50,8
50,7
50,6
50,5
50,3
50,2
50,1
50,0
49,3
49,2
49,1
49,0
48,5
48,4
48,3
48,2
48,1
48,0
47,5
47,4
47,3
47,2
47,1
47,0
46,5
46,4
46,3
46,2
46,1
46,0
45,4
45,3
45,2
45,1
45,0
44,11
44,10
44,9
44,8
44,7
44,6
44,5
44,4
44,3
44,2
44,1
44,0
43,10
43,9
43,8
43,7
43,6
43,5
43,4
43,3
43,2
43,1
43,0
42,4
42,3
42,2
42,1
42,0
41,8
41,7
41,6
41,5
41,4
41,3
41,2
41,1
41,0
40,5
40,4
40,3
40,2
40,1
40,0
39,5
39,4
39,3
39,2
39,1
39,0
37,73
38,6
38,5
38,4
38,3
38,2
38,1
38,0
37,72
37,71
37,70
37,69
37,68
37,67
37,66
37,65
37,64
37,37
37,36
37,35
37,34
37,33
37,32
37,31
37,30
37,29
37,28
37,27
37,26
37,25
37,24
37,23
37,22
37,21
37,20
